=====================================================================
Created: 2013-11-15 16:17:16.293725
=====================================================================

CODE | VALUE | TYPE | TIME
4, 458792, 4, 1384561036.341810
28, 0, 1, 1384561036.341817
4, 458763, 4, 1384561038.413799
35, 1, 1, 1384561038.413807
4, 458763, 4, 1384561038.493801
35, 0, 1, 1384561038.493808
4, 458760, 4, 1384561038.509783
18, 1, 1, 1384561038.509789
4, 458760, 4, 1384561038.613722
18, 0, 1, 1384561038.613726
4, 458767, 4, 1384561038.629782
38, 1, 1, 1384561038.629789
4, 458767, 4, 1384561038.693794
38, 0, 1, 1384561038.693801
4, 458767, 4, 1384561038.805749
38, 1, 1, 1384561038.805756
4, 458767, 4, 1384561038.901791
38, 0, 1, 1384561038.901799
4, 458770, 4, 1384561039.5788
24, 1, 1, 1384561039.5795
4, 458770, 4, 1384561039.117790
24, 0, 1, 1384561039.117798
4, 458796, 4, 1384561039.141779
57, 1, 1, 1384561039.141785
4, 458796, 4, 1384561039.197790
57, 0, 1, 1384561039.197797
4, 458763, 4, 1384561039.245783
35, 1, 1, 1384561039.245790
4, 458763, 4, 1384561039.341784
35, 0, 1, 1384561039.341791
4, 458760, 4, 1384561039.397774
18, 1, 1, 1384561039.397780
4, 458760, 4, 1384561039.477786
18, 0, 1, 1384561039.477794
4, 458767, 4, 1384561039.485766
38, 1, 1, 1384561039.485775
4, 458767, 4, 1384561039.557787
38, 0, 1, 1384561039.557794
4, 458767, 4, 1384561039.645775
38, 1, 1, 1384561039.645782
4, 458767, 4, 1384561039.725783
38, 0, 1, 1384561039.725790
4, 458770, 4, 1384561039.821783
24, 1, 1, 1384561039.821790
4, 458770, 4, 1384561039.917784
24, 0, 1, 1384561039.917792
4, 458796, 4, 1384561040.229779
57, 1, 1, 1384561040.229787
4, 458796, 4, 1384561040.317780
57, 0, 1, 1384561040.317788
4, 458763, 4, 1384561040.381713
35, 1, 1, 1384561040.381717
4, 458763, 4, 1384561040.485788
35, 0, 1, 1384561040.485795
4, 458760, 4, 1384561040.557768
18, 1, 1, 1384561040.557774
4, 458767, 4, 1384561040.621784
38, 1, 1, 1384561040.621792
4, 458760, 4, 1384561040.637777
18, 0, 1, 1384561040.637784
4, 458767, 4, 1384561040.685730
38, 0, 1, 1384561040.685733
4, 458767, 4, 1384561040.789774
38, 1, 1, 1384561040.789782
4, 458767, 4, 1384561040.861775
38, 0, 1, 1384561040.861782
4, 458770, 4, 1384561040.957771
24, 1, 1, 1384561040.957778
4, 458770, 4, 1384561041.61777
24, 0, 1, 1384561041.61784
4, 458796, 4, 1384561041.365772
57, 1, 1, 1384561041.365779
4, 458796, 4, 1384561041.445766
57, 0, 1, 1384561041.445773
4, 458778, 4, 1384561041.469761
17, 1, 1, 1384561041.469768
4, 458770, 4, 1384561041.557775
24, 1, 1, 1384561041.557783
4, 458778, 4, 1384561041.581774
17, 0, 1, 1384561041.581781
4, 458773, 4, 1384561041.669775
19, 1, 1, 1384561041.669782
4, 458770, 4, 1384561041.677766
24, 0, 1, 1384561041.677772
4, 458773, 4, 1384561041.757777
19, 0, 1, 1384561041.757783
4, 458767, 4, 1384561041.781769
38, 1, 1, 1384561041.781776
4, 458759, 4, 1384561041.877768
32, 1, 1, 1384561041.877776
4, 458767, 4, 1384561041.885766
38, 0, 1, 1384561041.885772
4, 458759, 4, 1384561041.981768
32, 0, 1, 1384561041.981774
4, 458796, 4, 1384561041.981779
57, 1, 1, 1384561041.981783
4, 458796, 4, 1384561042.77768
57, 0, 1, 1384561042.77775
4, 458778, 4, 1384561042.493774
17, 1, 1, 1384561042.493781
4, 458763, 4, 1384561042.549767
35, 1, 1, 1384561042.549775
4, 458778, 4, 1384561042.573764
17, 0, 1, 1384561042.573771
4, 458756, 4, 1384561042.661715
30, 1, 1, 1384561042.661719
4, 458763, 4, 1384561042.677763
35, 0, 1, 1384561042.677770
4, 458775, 4, 1384561042.749766
20, 1, 1, 1384561042.749774
4, 458756, 4, 1384561042.805739
30, 0, 1, 1384561042.805747
4, 458796, 4, 1384561042.821758
57, 1, 1, 1384561042.821765
4, 458775, 4, 1384561042.853736
20, 0, 1, 1384561042.853742
4, 458796, 4, 1384561042.909759
57, 0, 1, 1384561042.909765
4, 458764, 4, 1384561042.933751
23, 1, 1, 1384561042.933758
4, 458774, 4, 1384561043.37765
31, 1, 1, 1384561043.37773
4, 458764, 4, 1384561043.45760
23, 0, 1, 1384561043.45767
4, 458796, 4, 1384561043.117762
57, 1, 1, 1384561043.117771
4, 458774, 4, 1384561043.149735
31, 0, 1, 1384561043.149742
4, 458780, 4, 1384561043.189757
21, 1, 1, 1384561043.189765
4, 458796, 4, 1384561043.237764
57, 0, 1, 1384561043.237771
4, 458780, 4, 1384561043.293757
21, 0, 1, 1384561043.293763
4, 458770, 4, 1384561043.301747
24, 1, 1, 1384561043.301753
4, 458776, 4, 1384561043.373762
22, 1, 1, 1384561043.373769
4, 458770, 4, 1384561043.397760
24, 0, 1, 1384561043.397767
4, 458773, 4, 1384561043.437760
19, 1, 1, 1384561043.437768
4, 458776, 4, 1384561043.501694
22, 0, 1, 1384561043.501698
4, 458796, 4, 1384561043.517692
57, 1, 1, 1384561043.517696
4, 458773, 4, 1384561043.533764
19, 0, 1, 1384561043.533772
4, 458796, 4, 1384561043.605762
57, 0, 1, 1384561043.605769
4, 458769, 4, 1384561044.269760
49, 1, 1, 1384561044.269768
4, 458769, 4, 1384561044.357760
49, 0, 1, 1384561044.357767
4, 458756, 4, 1384561044.373744
30, 1, 1, 1384561044.373750
4, 458768, 4, 1384561044.437750
50, 1, 1, 1384561044.437758
4, 458756, 4, 1384561044.445748
30, 0, 1, 1384561044.445754
4, 458760, 4, 1384561044.493761
18, 1, 1, 1384561044.493769
4, 458768, 4, 1384561044.565753
50, 0, 1, 1384561044.565761
4, 458760, 4, 1384561044.597741
18, 0, 1, 1384561044.597746
4, 458981, 4, 1384561045.557745
54, 1, 1, 1384561045.557754
4, 458808, 4, 1384561045.685754
53, 1, 1, 1384561045.685761
4, 458808, 4, 1384561045.821708
53, 0, 1, 1384561045.821715
4, 458981, 4, 1384561045.845725
54, 0, 1, 1384561045.845731
4, 458981, 4, 1384561046.677732
54, 1, 1, 1384561046.677740
4, 458808, 4, 1384561046.837749
53, 1, 1, 1384561046.837757
4, 458808, 4, 1384561046.973743
53, 0, 1, 1384561046.973750
4, 458981, 4, 1384561047.21717
54, 0, 1, 1384561047.21723
4, 458796, 4, 1384561048.701731
57, 1, 1, 1384561048.701739
4, 458796, 4, 1384561048.813733
57, 0, 1, 1384561048.813740
4, 458763, 4, 1384561048.997728
35, 1, 1, 1384561048.997735
4, 458760, 4, 1384561049.61728
18, 1, 1, 1384561049.61735
4, 458763, 4, 1384561049.77720
35, 0, 1, 1384561049.77726
4, 458760, 4, 1384561049.157722
18, 0, 1, 1384561049.157729
4, 458767, 4, 1384561049.181709
38, 1, 1, 1384561049.181715
4, 458767, 4, 1384561049.253697
38, 0, 1, 1384561049.253704
4, 458767, 4, 1384561049.333727
38, 1, 1, 1384561049.333735
4, 458767, 4, 1384561049.397706
38, 0, 1, 1384561049.397713
4, 458770, 4, 1384561049.477715
