4 4 458792 1384565293.1731
1 28 0 1384565293.1739
4 4 458977 1384565302.369649
1 42 1 1384565302.369658
1 42 2 1384565302.619257
0 0 1 1384565302.619259
1 42 2 1384565302.652257
0 0 1 1384565302.652259
1 42 2 1384565302.685256
0 0 1 1384565302.685257
1 42 2 1384565302.718253
0 0 1 1384565302.718254
1 42 2 1384565302.751248
0 0 1 1384565302.751249
1 42 2 1384565302.784251
0 0 1 1384565302.784252
1 42 2 1384565302.817251
0 0 1 1384565302.817251
4 4 458763 1384565302.849666
1 35 1 1384565302.849672
4 4 458763 1384565302.937668
1 35 0 1384565302.937676
4 4 458760 1384565303.385664
1 18 1 1384565303.385671
4 4 458760 1384565303.521660
1 18 0 1384565303.521667
4 4 458767 1384565303.641657
1 38 1 1384565303.641664
4 4 458767 1384565303.737657
1 38 0 1384565303.737664
4 4 458767 1384565303.849651
1 38 1 1384565303.849658
4 4 458767 1384565303.969655
1 38 0 1384565303.969662
4 4 458770 1384565304.97654
1 24 1 1384565304.97662
4 4 458770 1384565304.209656
1 24 0 1384565304.209663
4 4 458796 1384565304.601651
1 57 1 1384565304.601659
4 4 458796 1384565304.721658
1 57 0 1384565304.721665
4 4 458778 1384565306.433646
1 17 1 1384565306.433654
4 4 458778 1384565306.569643
1 17 0 1384565306.569650
4 4 458770 1384565306.761635
1 24 1 1384565306.761643
4 4 458773 1384565306.897641
1 19 1 1384565306.897649
4 4 458770 1384565306.905601
1 24 0 1384565306.905608
4 4 458773 1384565306.993636
1 19 0 1384565306.993644
4 4 458767 1384565307.57640
1 38 1 1384565307.57648
4 4 458767 1384565307.209635
1 38 0 1384565307.209642
4 4 458759 1384565307.337635
1 32 1 1384565307.337643
4 4 458759 1384565307.473633
1 32 0 1384565307.473640
4 4 458977 1384565307.913612
1 42 0 1384565307.913620
4 4 458796 1384565308.161627
1 57 1 1384565308.161634
4 4 458796 1384565308.241626
1 57 0 1384565308.241633
4 4 458763 1384565309.729620
1 35 1 1384565309.729628
4 4 458760 1384565309.801617
1 18 1 1384565309.801625
4 4 458763 1384565309.825616
1 35 0 1384565309.825623
4 4 458760 1384565309.913599
1 18 0 1384565309.913606
4 4 458767 1384565310.81614
1 38 1 1384565310.81621
4 4 458767 1384565310.201610
1 38 0 1384565310.201617
4 4 458767 1384565310.321604
1 38 1 1384565310.321610
4 4 458767 1384565310.409581
1 38 0 1384565310.409589
4 4 458770 1384565310.513594
1 24 1 1384565310.513602
4 4 458770 1384565310.625616
1 24 0 1384565310.625623
4 4 458796 1384565310.713614
1 57 1 1384565310.713622
4 4 458796 1384565310.809611
1 57 0 1384565310.809618
4 4 458778 1384565310.849595
1 17 1 1384565310.849601
4 4 458770 1384565310.929539
1 24 1 1384565310.929544
4 4 458778 1384565310.977538
1 17 0 1384565310.977542
4 4 458773 1384565311.33532
1 19 1 1384565311.33536
4 4 458770 1384565311.49533
1 24 0 1384565311.49537
4 4 458773 1384565311.145607
1 19 0 1384565311.145614
4 4 458767 1384565311.201601
1 38 1 1384565311.201609
4 4 458767 1384565311.329610
1 38 0 1384565311.329617
4 4 458759 1384565311.345596
1 32 1 1384565311.345602
4 4 458759 1384565311.465605
1 32 0 1384565311.465612
4 4 458796 1384565311.969610
1 57 1 1384565311.969618
4 4 458796 1384565312.89599
1 57 0 1384565312.89607
4 4 458977 1384565312.497579
1 42 1 1384565312.497588
1 42 2 1384565312.747256
0 0 1 1384565312.747258
1 42 2 1384565312.780250
0 0 1 1384565312.780251
1 42 2 1384565312.813249
0 0 1 1384565312.813250
1 42 2 1384565312.846252
0 0 1 1384565312.846253
1 42 2 1384565312.879252
0 0 1 1384565312.879252
4 4 458763 1384565312.905594
1 35 1 1384565312.905600
4 4 458763 1384565313.33560
1 35 0 1384565313.33568
4 4 458778 1384565313.281594
1 17 1 1384565313.281602
4 4 458778 1384565313.401598
1 17 0 1384565313.401606
4 4 458767 1384565313.545595
1 38 1 1384565313.545603
4 4 458767 1384565313.625592
1 38 0 1384565313.625599
4 4 458767 1384565313.777587
1 38 1 1384565313.777595
4 4 458767 1384565313.873594
1 38 0 1384565313.873601
4 4 458770 1384565314.745586
1 24 1 1384565314.745594
4 4 458770 1384565314.841593
1 24 0 1384565314.841600
4 4 458796 1384565315.105584
1 57 1 1384565315.105592
4 4 458796 1384565315.217586
1 57 0 1384565315.217593
4 4 458778 1384565315.513506
1 17 1 1384565315.513510
4 4 458778 1384565315.577586
1 17 0 1384565315.577594
4 4 458770 1384565315.753582
1 24 1 1384565315.753590
4 4 458770 1384565315.881583
1 24 0 1384565315.881590
4 4 458773 1384565315.889561
1 19 1 1384565315.889568
4 4 458773 1384565315.969575
1 19 0 1384565315.969582
4 4 458767 1384565316.73579
1 38 1 1384565316.73586
4 4 458767 1384565316.217580
1 38 0 1384565316.217586
4 4 458759 1384565316.353547
1 32 1 1384565316.353554
4 4 458759 1384565316.465573
1 32 0 1384565316.465580
4 4 458977 1384565316.881554
1 42 0 1384565316.881563
4 4 458796 1384565317.369566
1 57 1 1384565317.369573
4 4 458796 1384565317.465566
1 57 0 1384565317.465573
4 4 458763 1384565317.665574
1 35 1 1384565317.665583
4 4 458760 1384565317.761559
1 18 1 1384565317.761566
4 4 458763 1384565317.777511
1 35 0 1384565317.777515
4 4 458760 1384565317.873538
1 18 0 1384565317.873544
4 4 458767 1384565317.993564
1 38 1 1384565317.993572
4 4 458767 1384565318.89510
1 38 0 1384565318.89515
4 4 458767 1384565318.217560
1 38 1 1384565318.217568
4 4 458767 1384565318.337564
1 38 0 1384565318.337571
4 4 458770 1384565318.497562
1 24 1 1384565318.497571
4 4 458770 1384565318.601556
1 24 0 1384565318.601564
4 4 458796 1384565318.849551
1 57 1 1384565318.849559
4 4 458778 1384565318.969559
1 17 1 1384565318.969567
4 4 458796 1384565318.993554
1 57 0 1384565318.993561
4 4 458770 1384565319.65557
1 24 1 1384565319.65564
4 4 458778 1384565319.105559
1 17 0 1384565319.105566
4 4 458773 1384565319.145540
1 19 1 1384565319.145546
4 4 458770 1384565319.185556
1 24 0 1384565319.185563
4 4 458773 1384565319.241538
1 19 0 1384565319.241543
4 4 458767 1384565319.273537
1 38 1 1384565319.273543
4 4 458759 1384565319.369557
1 32 1 1384565319.369565
4 4 458767 1384565319.409498
1 38 0 1384565319.409501
4 4 458759 1384565319.481517
1 32 0 1384565319.481524
4 4 458796 1384565319.601558
1 57 1 1384565319.601566
4 4 458796 1384565319.689557
1 57 0 1384565319.689564
4 4 458977 1384565320.329525
1 42 1 1384565320.329533
1 42 2 1384565320.579256
0 0 1 1384565320.579257
1 42 2 1384565320.612253
0 0 1 1384565320.612254
1 42 2 1384565320.645252
0 0 1 1384565320.645253
1 42 2 1384565320.678251
0 0 1 1384565320.678252
1 42 2 1384565320.711252
0 0 1 1384565320.711253
1 42 2 1384565320.744255
0 0 1 1384565320.744257
1 42 2 1384565320.777251
0 0 1 1384565320.777252
1 42 2 1384565320.810250
0 0 1 1384565320.810251
1 42 2 1384565320.843257
0 0 1 1384565320.843258
4 4 458763 1384565320.857550
1 35 1 1384565320.857557
4 4 458763 1384565320.993547
1 35 0 1384565320.993553
4 4 458760 1384565321.281549
1 18 1 1384565321.281557
4 4 458760 1384565321.385549
1 18 0 1384565321.385556
4 4 458767 1384565321.521505
1 38 1 1384565321.521514
4 4 458767 1384565321.609539
1 38 0 1384565321.609547
4 4 458767 1384565321.785542
1 38 1 1384565321.785550
4 4 458767 1384565321.905505
1 38 0 1384565321.905513
4 4 458770 1384565322.49498
1 24 1 1384565322.49505
4 4 458770 1384565322.153536
1 24 0 1384565322.153543
4 4 458796 1384565322.369530
1 57 1 1384565322.369537
4 4 458796 1384565322.481499
1 57 0 1384565322.481507
4 4 458778 1384565323.241530
1 17 1 1384565323.241537
4 4 458778 1384565323.337519
1 17 0 1384565323.337527
4 4 458770 1384565323.465521
1 24 1 1384565323.465528
4 4 458770 1384565323.585530
1 24 0 1384565323.585537
4 4 458773 1384565323.609512
1 19 1 1384565323.609518
4 4 458773 1384565323.689533
1 19 0 1384565323.689541
4 4 458767 1384565323.921522
1 38 1 1384565323.921529
4 4 458759 1384565324.17520
1 32 1 1384565324.17528
4 4 458767 1384565324.65529
1 38 0 1384565324.65537
4 4 458759 1384565324.161518
1 32 0 1384565324.161524
4 4 458796 1384565324.281522
1 57 1 1384565324.281529
4 4 458796 1384565324.353524
1 57 0 1384565324.353531
4 4 458977 1384565324.513499
1 42 0 1384565324.513507
4 4 458763 1384565324.921518
1 35 1 1384565324.921526
4 4 458763 1384565325.33476
1 35 0 1384565325.33484
4 4 458760 1384565325.81518
1 18 1 1384565325.81526
4 4 458760 1384565325.193483
1 18 0 1384565325.193491
4 4 458767 1384565325.217498
1 38 1 1384565325.217504
4 4 458767 1384565325.289522
1 38 0 1384565325.289530
4 4 458767 1384565325.417503
1 38 1 1384565325.417510
4 4 458767 1384565325.505517
1 38 0 1384565325.505524
4 4 458770 1384565325.681514
1 24 1 1384565325.681522
4 4 458770 1384565325.793521
1 24 0 1384565325.793528
4 4 458796 1384565325.841501
1 57 1 1384565325.841508
4 4 458796 1384565325.953515
1 57 0 1384565325.953522
4 4 458778 1384565326.249505
1 17 1 1384565326.249513
4 4 458778 1384565326.369510
1 17 0 1384565326.369518
4 4 458770 1384565326.377493
1 24 1 1384565326.377499
4 4 458773 1384565326.473506
1 19 1 1384565326.473513
4 4 458770 1384565326.489455
1 24 0 1384565326.489459
4 4 458773 1384565326.569510
1 19 0 1384565326.569516
4 4 458767 1384565326.601498
1 38 1 1384565326.601504
4 4 458767 1384565326.705505
1 38 0 1384565326.705512
4 4 458759 1384565326.713484
1 32 1 1384565326.713490
4 4 458759 1384565326.817505
1 32 0 1384565326.817511
4 4 458796 1384565326.953508
1 57 1 1384565326.953516
4 4 458796 1384565327.73509
1 57 0 1384565327.73516
4 4 458977 1384565327.361481
1 42 1 1384565327.361490
4 4 458763 1384565327.537507
1 35 1 1384565327.537514
4 4 458763 1384565327.673505
1 35 0 1384565327.673513
4 4 458760 1384565328.25499
1 18 1 1384565328.25506
4 4 458760 1384565328.113503
1 18 0 1384565328.113510
4 4 458767 1384565328.209494
1 38 1 1384565328.209501
4 4 458767 1384565328.257443
1 38 0 1384565328.257447
4 4 458767 1384565328.385477
1 38 1 1384565328.385486
4 4 458767 1384565328.497459
1 38 0 1384565328.497466
4 4 458770 1384565328.641488
1 24 1 1384565328.641496
4 4 458770 1384565328.753451
1 24 0 1384565328.753458
4 4 458796 1384565328.865493
1 57 1 1384565328.865500
4 4 458796 1384565328.953495
1 57 0 1384565328.953502
4 4 458778 1384565329.401492
1 17 1 1384565329.401500
4 4 458770 1384565329.537491
1 24 1 1384565329.537498
4 4 458778 1384565329.553433
1 17 0 1384565329.553437
4 4 458770 1384565329.689490
1 24 0 1384565329.689497
4 4 458760 1384565329.713476
1 18 1 1384565329.713482
4 4 458760 1384565329.801488
1 18 0 1384565329.801495
4 4 458767 1384565329.857474
1 38 1 1384565329.857480
4 4 458767 1384565329.985486
1 38 0 1384565329.985492
4 4 458794 1384565330.273483
1 14 1 1384565330.273491
4 4 458794 1384565330.345487
1 14 0 1384565330.345493
4 4 458794 1384565330.433472
1 14 1 1384565330.433478
4 4 458794 1384565330.529485
1 14 0 1384565330.529493
4 4 458773 1384565331.41427
1 19 1 1384565331.41432
4 4 458773 1384565331.121481
1 19 0 1384565331.121488
4 4 458767 1384565331.169471
1 38 1 1384565331.169478
4 4 458767 1384565331.265479
1 38 0 1384565331.265486
4 4 458759 1384565331.273461
1 32 1 1384565331.273467
4 4 458759 1384565331.417478
1 32 0 1384565331.417484
4 4 458796 1384565331.593459
1 57 1 1384565331.593468
4 4 458796 1384565331.681477
1 57 0 1384565331.681484
4 4 458977 1384565331.697414
1 42 0 1384565331.697421
4 4 458763 1384565331.961465
1 35 1 1384565331.961473
4 4 458763 1384565332.65474
1 35 0 1384565332.65481
4 4 458760 1384565332.241466
1 18 1 1384565332.241474
4 4 458760 1384565332.353472
1 18 0 1384565332.353479
4 4 458767 1384565332.361453
1 38 1 1384565332.361460
4 4 458767 1384565332.425471
1 38 0 1384565332.425478
4 4 458767 1384565332.529467
1 38 1 1384565332.529474
4 4 458767 1384565332.593471
1 38 0 1384565332.593478
4 4 458770 1384565332.705462
1 24 1 1384565332.705469
4 4 458796 1384565332.801465
1 57 1 1384565332.801472
4 4 458770 1384565332.825467
1 24 0 1384565332.825475
4 4 458778 1384565332.897465
1 17 1 1384565332.897474
4 4 458796 1384565332.913407
1 57 0 1384565332.913411
4 4 458770 1384565332.953464
1 24 1 1384565332.953471
4 4 458778 1384565333.17466
1 17 0 1384565333.17474
4 4 458773 1384565333.33421
1 19 1 1384565333.33428
4 4 458770 1384565333.57466
1 24 0 1384565333.57474
4 4 458773 1384565333.121462
1 19 0 1384565333.121469
4 4 458767 1384565333.153444
1 38 1 1384565333.153450
4 4 458759 1384565333.217465
1 32 1 1384565333.217472
4 4 458767 1384565333.249410
1 38 0 1384565333.249414
4 4 458796 1384565333.337458
1 57 1 1384565333.337466
4 4 458759 1384565333.345427
1 32 0 1384565333.345435
4 4 458796 1384565333.441460
1 57 0 1384565333.441466
4 4 458977 1384565334.25433
1 42 1 1384565334.25442
4 4 458763 1384565334.241459
1 35 1 1384565334.241466
4 4 458763 1384565334.361452
1 35 0 1384565334.361460
4 4 458760 1384565334.521459
1 18 1 1384565334.521466
4 4 458760 1384565334.625458
1 18 0 1384565334.625465
4 4 458767 1384565334.681455
1 38 1 1384565334.681462
4 4 458767 1384565334.713417
1 38 0 1384565334.713424
4 4 458767 1384565334.817451
1 38 1 1384565334.817458
4 4 458767 1384565334.953451
1 38 0 1384565334.953458
4 4 458770 1384565335.457454
1 24 1 1384565335.457462
4 4 458770 1384565335.561448
1 24 0 1384565335.561455
4 4 458796 1384565335.577436
1 57 1 1384565335.577442
4 4 458796 1384565335.689451
1 57 0 1384565335.689458
4 4 458778 1384565336.473433
1 17 1 1384565336.473441
4 4 458778 1384565336.665444
1 17 0 1384565336.665451
4 4 458770 1384565336.729436
1 24 1 1384565336.729443
4 4 458773 1384565336.857443
1 19 1 1384565336.857452
4 4 458770 1384565336.881445
1 24 0 1384565336.881452
4 4 458773 1384565336.953437
1 19 0 1384565336.953444
4 4 458767 1384565337.17429
1 38 1 1384565337.17436
